0
0
0
85
73
60
54
53
53
0
0
127
111
102
94
95
93
96
0
133
114
108
106
103
103
102
96
101
120
0
121
114
106
107
110
108
0
139
124
121
116
113
110
103
106
112
137
0
146
132
120
121
125
122
0
149
139
131
128
0
0
0
0
132
0
0
0
0
0
0
131
122
119
115
110
109
107
110
123
0
150
137
135
129
138
133
0
159
140
136
129
118
116
0
0
0
0
0
0
0
0
0
0
131
126
121
119
0
113
112
118
130
0
0
0
0
0
0
