25
31
145
105
85
70
65
60
50
51
180
150
125
110
100
100
100
71
220
180
160
140
135
140
140
140
135
135
135
135
130
125
115
115
115
103
235
200
180
155
145
145
135
130
135
140
160
155
155
145
145
140
140
124
260
215
195
185
185
185
185
185
185
180
175
175
175
175
175
175
175
155
145
135
135
130
135
135
135
150
190
180
160
190
0
134
260
215
195
180
180
175
175
175
175
135
0
0
0
0
0
0
0
0
0
0
0
0
0
0
0
0
0
0
0
0
0
0
