0
0
152
112
0
0
0
0
0
0
186
160
143
0
0
0
0
0
227
197
162
147
134
128
127
126
125
124
128
134
135
0
0
0
0
0
248
215
180
160
146
139
136
134
134
137
144
151
167
0
0
0
0
0
265
222
187
181.8
182.4
181.4
183.4
180.4
208.4
180.4
177.3
178.1
176.2
176.1
175.9
193.3
173.8
159
146
139
137
135
135.5
138.5
144
151
170
0
0
0
0
0
0
0
0
179
263
165
155
159
173
174
170
186
186
0
0
0
0
0
0
0
0
118
0
0
0
0
0
0
0
0
0
0
