14.4
0
13.1
5
4.6
4.58
17.3
14
17.1
16.7
23.7
13.97
10
12.1
17.02
15.5
22.7
28.5
45.46
29.9
15
10.64
8.78
7.23
1.39
7.1
6.7
6.59
7.1
9.2
11.8
13.6
13.1
16.45
23.5
38.9
55.9
33.7
19.8
14.1
10.87
9.4
8.5
8.3
8.3
8.9
10.3
13.1
15.7
16.3
18.23
20.5
25.74
37.3
71.07
39.24
20.73
20.67
20.8
20.6
22.39
19.95
28.9
19.9
19.2
19
18.7
18.4
18.1
24.79
17.78
13.6
10.9
9.53
8.85
8.49
8.54
9.09
10.2
14.82
17.2
18.17
21.3
22.23
0
50.5
0
45.2
22.54
19.9
15
12.59
11.62
12.32
17.86
18.28
0
0
0
0
0
0
0
0
0
0
0
0
0
0
0
0
0
0
0
0
0
0
