20.268
4.22
1615
2742
4200
4300
77.36
90.2
85.03
27.07
1156
1363
2792
3173
550
717.87
239.11
87.3
1032
1757
3103
3560
3680
2943
2234
3134
3200
3186
3200
1180
2477
3093
887
958
332
119.93
961
1655
3609
4682
5017
4912
4538
4423
3968
3236
2435
1040
2345
2875
1860
1261
457.4
165.1
944
2143
3743
3633
3563
3373
3273
2076
1800
3523
3503
2840
2993
3141
2223
1469
3675
4876
5731
5828
5869
5285
4701
4098
3129
629.88
1746
2022
1837
1235
610
211.3
950
2010
3753
5093
4300
4200
4273
3503
2880
3383
unknown
unknown
unknown
unknown
unknown
unknown
unknown
unknown
unknown
unknown
unknown
unknown
unknown
unknown
unknown
unknown
unknown
unknown
unknown
unknown
unknown
unknown
