0.089
0.17
0.534
1.85
2.34
2.267
1.251
1.429
1.7
0.9002
0.968
1.738
2.7
2.33
2.34
2.08
3.2
1.784
0.89
1.55
2.985
4.506
6
7.15
7.21
7.86
8.9
8.908
8.96
7.14
5.91
5.323
5.727
4.81
3.1028
3.749
1.532
2.64
4.472
6.52
8.57
10.28
11
12.45
12.41
12.023
10.49
8.65
7.31
7.2
6.697
6.24
4.933
5.894
1.93
3.51
6.162
6.77
6.77
7.01
7.26
7.52
5.244
7.9
8.23
8.54
8.79
9.066
9.32
6.9
9.841
13.31
16.69
19.25
21.02
22.61
22.65
21.45
19.3
13.534
11.85
11.34
9.78
9.196
0
0
1.87
5.5
10
11.7
15.37
19.1
20.2
19.816
12
13.51
14.78
0
8.84
0
0
0
0
0
0
0
0
0
0
0
0
0
0
0
0
0
0
0
