1766
1895
1817
1798
1828
0
1772
1774
1886
1898
1807
1808
1825
1823
1669
0
1774
1894
1807
1808
1879
1791
1830
1797
1774
0
1737
1751
0
1764
1875
1886
1250
1817
1826
1898
1861
1790
1794
1789
1801
1778
1937
1844
1803
1803
0
1817
1863
0
0
1782
1804
1898
1860
1808
1839
1803
1885
1925
1945
1879
1901
1880
1843
1886
1878
1843
1879
1878
1907
1923
1802
1783
1925
1804
1804
c1734
0
0
1861
0
0
1898
1940
1898
1939
1898
1899
1828
1917
1789
1940
1940
1945
1944
1949
1950
1952
1953
1955
1957
1961
1969
1970
1974
1976
1984
1982
1994
1994
1996
2004
1999
2004
2000
0
2006
