0
0
9.40E-08
4.00E-08
1.50E+04
0
0
0
0
0
4.70E-08
4.40E-07
2.65E-08
0
0
2.00E+15
10
0
7.00E-08
3.40E-08
5.50E-07
4.00E-07
2.00E-07
1.27E-07
1.60E-06
9.70E-08
6
7.00E-08
1.70E-08
5.90E-08
0
0
3.00E-07
0
7.80E+10
0
1.20E-07
1.30E-07
5.60E-07
4.20E-07
1.50E-07
5.00E-08
0
7.10E-08
4.30E-08
1.00E-07
1.60E-08
7.00E-08
8.00E-08
1.10E-07
4.00E-07
0
1.30E+07
0
2.00E-07
3.50E-07
6.10E-07
7.40E-07
7.00E-07
6.40E-07
7.50E-07
9.40E-07
9.00E-07
1.30E-06
1.20E-06
9.10E-07
9.40E-07
8.60E-07
7.00E-07
2.80E-07
5.60E-07
3.00E-07
1.30E-07
5.00E-08
1.80E-07
8.10E-08
4.70E-08
1.06E-07
2.20E-08
9.60E-07
1.50E-07
2.10E-07
1.30E-06
4.30E-07
0
0
0
1.00E-06
0
1.50E-07
1.80E-07
2.80E-07
1.20E-06
1.50E-06
0
0
0
0
0
0
0
0
0
0
0
0
0
0
0
0
0
0
0
0
0
0
0
0
