0.12
0.021
4.5
9.8
22.2
105
0.72
0.444
1.02
0.324
2.64
9.04
10.67
39.6
2.51
1.23
6.41
1.21
2.4
9.33
15.9
20.9
17.6
15.3
14.4
14.9
15.2
17.6
13
6.67
5.59
34.7
27.7
5.1
10.8
1.64
2.2
9.16
17.2
23
27.2
27.6
23.81
23.7
21.55
17.2
11.3
6.11
3.27
7.2
20.9
13.5
15.27
3.1
2.09
7.66
10.04
8.87
11.3
7.11
12.6
10.9
10.5
15.5
16.3
17.2
17.2
17.2
18.4
9.2
19.2
25.5
31.4
35.2
33.1
29.3
26.4
19.7
12.7
2.33
4.31
5.12
10.48
10
23.8
2.7
0
7.15
14.2
19.2
16.7
15.5
9.46
2.8
14.4
0
0
0
0
0
0
0
0
0
0
0
0
0
0
0
0
0
0
0
0
0
0
0
