217.6
0
160.7
326.4
573.2
0
472.8
249.4
79.08
0
108.4
148.5
322.2
439.3
314.6
278.7
121.8
0
89.5
184
343
468.6
514.6
121.8
280.3
414.2
26.8
422.6
338.9
129.7
276.1
376.6
301.3
205.9
111.7
0
82
163.2
418
598
745
653
649
603
556.5
393.3
284.5
113
242.7
301.3
263.6
190.4
106.7
0
78.2
175.7
431
381
368
322
310
209
180
352
314
301
301
314
247
180
398
703
782
837
791
669
628
565
364
61.5
179.9
194.6
207.1
134
92
0
71
163
301
565
0
489.5
0
360
268
0
0
0
0
0
0
0
0
0
0
0
0
0
0
0
0
0
0
0
0
0
0
0
