0.46
0.082
147.7
308.8
504.5
710.9
5.577
6.82
3.26
1.736
99.2
127.6
290.8
383.3
51.9
9.62
20.403
6.53
79.1
150.6
376.1
425.5
459.7
341.8
220.5
340.2
382.4
374.8
306.7
114.2
270.3
327.6
31.9
90
30.5
9.05
75.7
154.4
367.4
566.7
680.19
589.9
585.22
567
494.3
361.5
257.7
100
231.8
296.2
165.8
104.6
41.67
12.65
66.5
150.9
402.1
398
357
328
0
164.8
176
301
391
293
303
280
247
159
428
570.7
758.2
824.2
704.25
738
612.1
469
343.1
59.1
166.1
177.8
179.1
100.8
0
18.1
0
136.7
293
513.7
481
417.1
336.6
343.5
238.5
0
0
0
0
0
0
0
0
0
0
0
0
0
0
0
0
0
0
0
0
0
0
0
