1200
0
19
82
190
0
550
-20.6
-10.1
0
14.1
40
807
144
190
160
-7.96
0
10.4
29
58
95.2
120
170
220
67
38.7
42
34
38.9
69.7
109
74
120
-7.35
0
9.47
25.7
48
80
104
88.6
180
64
64
33
11.4
30
54
83.5
57
59
-6.55
0
8.62
21.3
40.71
41.78
42.64
43.4
44.1
44.8
45.6
46.1
46.8
47.4
47.9
49
49.7
50.3
50.9
81
110
140
180
91.4
92.2
92.2
51
28.2
9.6
24.2
41.9
-12.5
0
0
8
20.1
38.6
59.3
92
170
96
64.9
44
44.5
45.5
44.5
0
0
0
26
0
0
0
0
0
0
0
0
0
0
0
0
0
0
0
0
