1.00794
4.002602
[6.941 (2)]
9.012182 (3)
10.811 (7)
12.0107
14.0067
15.9994 (3)
18.9984032 (5)
20.1797
22.98977
24.305
26.981538 (2)
28.0855
30.973761
32.065
35.453
39.948 (1)
39.0983
40.078
44.95591
47.867
50.9415 (1)
51.9961
54.938049
55.845 (2)
58.9332
58.6934
63.546
65.409 (4)
69.723
72.64
74.92160 (2)
78.96
79.904
83.798
85.4678 (3)
87.62
88.90585 (2)
91.224 (2)
92.90638
95.94
[98]
101.07 (2)
102.90550 (2)
106.42 (1)
107.8682
112.411
114.818 (3)
118.71
121.760 (1)
127.6
126.90447 (3)
131.293 (6)
132.90545
137.327 (7)
138.9055 (2)
140.116
140.90765(2)
144.24
[145]
150.36
151.964 (1)
157.25
158.92534
162.500 (1)
164.93032
167.259 (3)
168.93421
173.04 (3)
174.967 (1)
178.49
180.9479
183.84
186.207 (1)
190.23 (3)
192.217 (3)
195.078
196.96655
200.59
204.3833
207.2 (1)
208.98038 (2)
[209]
[210]
[222]
[223]
[226]
[227]
232.0381
231.03588
238.02891 (3)
[237]
[244]
[243]
[247]
[247]
[251]
[252]
[257]
[258]
[259]
[262]
[261]
[262]
[266]
[264]
[269]
[268]
[281]
[272]
[285]
[284]
[289]
[288]
[292]
unknown
unknown
