-2.48E-08
-5.90E-09
6.30E-09
-1.26E-08
-8.70E-09
-6.20E-09
-1.00E-08
1.34E-06
0
-4.10E-09
6.40E-09
6.90E-09
7.80E-09
-1.60E-09
-1.13E-08
-6.20E-09
-7.20E-09
-6.00E-09
6.70E-09
1.38E-08
8.80E-08
4.01E-08
6.28E-08
4.45E-08
1.21E-07
0
0
0
-1.08E-09
-2.21E-09
-3.00E-09
-1.50E-09
-3.90E-09
-4.00E-09
-4.90E-09
-4.40E-09
2.60E-09
-2.50E-09
6.66E-08
1.66E-08
2.81E-08
1.17E-08
3.42E-08
5.40E-09
1.32E-08
6.57E-08
-2.30E-09
-2.30E-09
-1.40E-09
-3.10E-09
-1.09E-08
-3.90E-09
-4.50E-09
-4.30E-09
-2.80E-09
1.13E-08
1.10E-08
2.20E-07
4.23E-07
4.80E-07
0
1.11E-07
2.76E-07
0
0.0000136
5.45E-06
5.49E-06
3.77E-06
1.99E-06
5.90E-09
1.20E-09
5.30E-09
1.07E-08
3.90E-09
4.60E-09
6.00E-10
2.30E-09
1.22E-08
-1.80E-09
-2.10E-09
-3.00E-09
-1.50E-09
-1.70E-08
0
0
0
0
0
0
5.30E-09
3.25E-08
2.15E-08
0
3.14E-08
5.15E-08
0
0
0
0
0
0
0
0
0
0
0
0
0
0
0
0
0
0
0
0
0
0
0
