14.01
0.95
453.69
1560
2349
3800
63.05
54.8
53.53
24.56
370.87
923
933.47
1687
317.3
388.36
171.6
83.8
336.53
1115
1814
1941
2183
2180
1519
1811
1768
1728
1357.77
692.68
302.91
1211.4
1090
494
265.8
115.79
312.46
1050
1799
2128
2750
2896
2430
2607
2237
1828.05
1234.93
594.22
429.75
505.08
903.78
722.66
386.85
161.4
301.59
1000
1193
1068
1208
1297
1373
1345
1099
1585
1629
1680
1734
1770
1818
1097
1925
2506
3290
3695
3459
3306
2739
2041.4
1337.33
234.32
577
600.61
544.4
527
575
202
300
973
1323
2115
1841
1405.3
910
912.5
1449
1613
1259
1173
1133
1800
1100
1100
1900
unknown
unknown
unknown
unknown
unknown
unknown
unknown
unknown
unknown
unknown
unknown
unknown
unknown
unknown
unknown
