-2.50E-11
-2.36E-11
4.37E-11
-1.14E-10
-9.41E-11
-7.45E-11
-1.40E-10
2.14E-08
0
-8.27E-11
1.47E-10
1.68E-10
2.10E-10
-4.49E-11
-3.50E-10
-1.99E-10
-2.55E-10
-2.40E-10
2.62E-10
5.53E-10
3.96E-09
1.92E-09
3.20E-09
2.31E-09
6.65E-09
0
0
0
-6.86E-11
-1.45E-10
-2.09E-10
-1.09E-10
-2.92E-10
-3.16E-10
-3.92E-10
-3.69E-10
2.22E-10
-2.19E-10
5.92E-09
1.51E-09
2.61E-09
1.12E-09
3.35E-09
5.46E-10
1.36E-09
6.99E-09
-2.48E-10
-2.59E-10
-1.61E-10
-3.68E-10
-1.33E-09
-4.98E-10
-5.71E-10
-5.65E-10
-3.72E-10
1.55E-09
1.53E-09
3.08E-08
5.96E-08
6.92E-08
0
1.67E-08
4.19E-08
0
2.161385e0-6
8.86E-07
9.05E-07
6.31E-07
3.36E-07
1.02E-09
2.10E-10
9.46E-10
1.94E-09
7.17E-10
8.57E-10
1.10E-10
4.42E-10
2.38E-09
-3.55E-10
-4.21E-10
-6.13E-10
-3.11E-10
-3.60E-09
0
0
0
0
0
0
1.23E-09
7.51E-09
5.12E-09
0
7.66E-09
1.25E-08
0
0
0
0
0
0
0
0
0
0
0
0
0
0
0
0
0
0
0
0
0
0
0
