0
0
0
0.032
0
0
0
0
0
0
0
0.29
0.35
0
0
0
0
0
0
0.31
0.279
0.32
0.37
0.21
0
0.29
0.31
0.31
0.34
0.25
0
0
0
0.33
0
0
0
0.28
0.243
0.34
0.4
0.31
0
0.3
0.26
0.39
0.37
0.3
0
0.36
0
0
0
0
0
0
0.28
0.24
0.281
0.281
0.28
0.274
0.152
0.259
0.261
0.247
0.231
0.237
0.213
0.207
0.261
0.37
0.34
0.28
0.3
0.25
0.26
0.38
0.44
0
0.45
0.44
0.33
0
0
0
0
0
0
0.27
0
0.23
0
0.21
0
0
0
0
0
0
0
0
0
0
0
0
0
0
0
0
0
0
0
0
0
0
0
0
