1 x 108
0
30
0.4
700
2.3 x 108
2.6 x 107
6.1 x 108
37000
0
1.4 x 106
270000
900
260000
1.1 x 107
2 x 106
1.2 x 106
0
2 x 106
1.4 x 107
0
0
30
30
200
60000
20
100
1000
33000
0
0
50
50
2900
0
4600
4600
0
50
0
100
0
0
0
0
0
700
0
200
0
0
200
0
20
300
0
0
0
0
0
0
0
0
0
0
0
0
0
0
0
0
0
0
0
0
0
0
100
0
0
1700
0
0
0
0
0
1 x 10-6
0
0
0
1
0
0
0
0
0
0
0
0
0
0
0
0
0
0
0
0
0
0
0
0
0
0
0
0
0
0
