7.5 x 105
2.3 x 105
0.006
0.001
0.001
5000
1000
10000
0.4
1300
20
600
50
700
7
500
1
200
3
70
0.03
3
1
15
8
1100
3
60
0.06
0.3
0.01
0.2
0.008
0.03
0.007
0.04
0.01
0.04
0.007
0.05
0.002
0.005
0
0.004
0.0006
0.002
0.0006
0.002
0.0003
0.004
0.0004
0.009
0.0001
0.01
0.0008
0.01
0.002
0.01
0.002
0.01
0
0.005
0.0005
0.002
5 x 10-4
0.002
0.0005
0.002
0.0001
0.002
0.0001
0.0007
8 x 10-5
0.0005
0.0002
0.003
0.002
0.005
0.0006
0.001
0.0005
0.01
0.0007
0
0
0
0
0
0
0.0004
0
0.0002
0
0
0
0
0
0
0
0
0
0
0
0
0
0
0
0
0
0
0
0
0
0
0
0
0
0
