7.5 x 105
2.3 x 105
0.00006
0.0001
0.002
3000
1000
9000
0.5
1000
40
700
60
900
7
400
8
70
4
70
0.04
4
0.4
20
10
1000
4
80
0.7
2
0.04
0.2
0
0
0
0
0.03
0.05
0.01
0.04
0.004
0.009
0
0.005
0.002
0.003
0.001
0.006
0.004
0.009
0.001
0
0
0
0.008
0.01
0.002
0.004
0.001
0.003
0
0.001
0.0005
0.002
5 x 10-4
0.002
0
0.001
0.0002
0.001
0.001
0.001
0
0.004
0.0001
0.002
0.002
0.009
0.001
0.02
0.001
0.01
0.01
0
0
0
0
0
0
0.0003
0
0.001
0
0
0
0
0
0
0
0
0
0
0
0
0
0
0
0
0
0
0
0
0
0
0
0
0
0
