1500
0.008
20
2.6
950
480
25
4.74 x 105
950
3 x 10-3
23000
23000
82000
2.771 x 105
1000
420
130
1.2
15000
41000
26
6600
190
100
1100
63000
20
90
50
75
18
1.8
1.5
0.05
3
1 x 10-5
60
360
30
130
17
1.5
0
0.001
0.0007
0.0063
0.07
0.11
0.049
2.2
0.2
0.001
1.4
2 x 10-6
3
500
34
68
8.7
33
0
6
2.1
7.7
1.1
6
1.4
3.8
0.48
3.3
0.51
5.3
2
1.1
0.0004
1.8 x 10-3
4 x 10-4
0.0037
0.011
0.06
0.6
14
0.048
0
0
0
0
1 x 10-7
0
12
1 x 10-8
1.8
0
0
0
0
0
0
0
0
0
0
0
0
0
0
0
0
0
0
0
0
0
0
0
0
0
0
