1310
0
6000
12870
16200
0
353
330
0
435
3200
4940
5000
8433
0
0
206
323
2000
3810
0
5090
4560
5940
5150
5120
4720
4900
3810
3850
2740
5400
0
3350
206
gas; 220. liquid; 1120
1300
0
3300
3800
3480
5400
0
5970
4700
3070
2680
2310
1215
2730
3420
2610
0
1090
0
1620
2475
2100
2280
2330
0
2130
0
2680
2620
2710
2760
2830
0
1590
0
3010
3400
4620
4700
4940
4825
2800
2030
1451.4
818
1190
1790
0
0
0
0
0
0
2490
0
3155
0
2260
0
0
0
0
0
0
0
0
0
0
0
0
0
0
0
0
0
0
0
0
0
0
0
0
