0
0
46
11.3
57
0
0
0
0
0
71
24.8
23.1
2.6
0
0
0
0
83.3
22.3
10.2
8.6
8.4
4.9
21.7
11.8
13
13.4
16.5
30.2
0
6
0
37
0
0
0
22.5
10.6
5.7
7.3
4.8
0
6.4
8.2
11.8
18.9
30.8
32.1
22
11
0
0
0
97
20.6
12.1
6.3
6.7
9.6
est. 11
12.7
35
9.4
10.3
9.9
11.2
12.2
13.3
26.3
9.9
5.9
6.3
4.5
6.2
5.1
6.4
8.8
14.2
60.4
29.9
28.9
13.4
23.5
0
0
0
0
0
11
0
13.9
0
46.7
0
0
0
0
0
0
0
0
0
0
0
0
0
0
0
0
0
0
0
0
0
0
0
0
