180.5
151.3
84.8
200
27.4
132
25.83
26.58
27.7
49.1
142
156
237
149
0.236
0.205
8.9
17.72
102.5
201
15.8
21.9
30.7
93.9
7.81
80.4
100
90.9
401
116
40.6
60.2
50.2
0.519
0.122
9.43
58.2
35.4
17.2
22.6
53.7
138
0
117
150
71.8
429
96.6
81.8
66.8
24.4
2.67
0.449
5.65
35.9
18.4
13.4
11.3
12.5
16.5
17.9
13.3
13.9
10.6
11.1
10.7
16.2
14.5
16.9
38.5
16.4
23
57.5
173
48
87.6
147
71.6
318
8.3
46.1
35.3
7.97
20
1.7
3.61
0
18.6
12
54
47
27.5
6.3
6.74
10
0
10
0
0
0
0
0
0
0
0
0
0
0
0
0
0
0
0
0
0
0
0
0
